6.00

# WHEN SCRAPING, STATIC OBJECTS WILL RECEIVE CONTIUOUS TILING SCRAPE TEXTURES
# DYNAMIC OBJECTS & VEHICLES WILL RECEIVE SINGLE SCRAPE TEXTURES

#######################################################################################################################################
#																
#  The table below is used to look up what happens to a material when it collides with another.					
#  To see what happens to a material we look up its row and then cross reference with the column of the material it has collided with
#  The resulting index is used in the list of infos below this table to find out what to do to the material			
#																
#######################################################################################################################################



#############################################################################################################################################################################################################################################################################################################################################################################################################################################################################################################################################################################################################################
# 						DEBUG_COL		VOID	GENERIC	CONCRET	CONCDUS	TARMAC	TARMACB STONE	BRICK	MARBLE	PAVING	SANDST	SANDSTB	SAND_L	SAND_C	SANDWET	SANDUND	SAND_D	SANDW_D	ICE		SNOW_C	SNOW_L	GRAVEL	GRAV_D	DIRTDRY	MUDSOFT	MUD_D	MUDUND	CLAY	GRASS	GRASS_S	HAY		BUSHES	TREEBAR	LEAVES	METAL	WOOD	WOODDUS WOODSPL	CERAMIC	CARPETF	CARPETD	PLASTIC	PLASTHO	RUBBER	LINO	PLASTBR	CARDBOA	PAPER	FOAM	FEATHER	TVSCREE	GLASS	GLASSBP	CARMETA	CARPLAS	CARGLAS	PUDDLE	L_WATER	L_BLOOD	L_OIL	L_PETRL L_MUD	F_MEAT	D_MEAT	PEDHEAD	PEDTORS	PEDLIMB	PEDFOOT	PEDCAPS
						R	G	B																																																																							
MTLFX_TABLE_START																																																																											
																																																																													
VOID					0	0	0		0		0		0		0		0		0		0		0		0		0		0		0		0		0		0		0		0		0		0		0		0		0		0		0		0		0		0		0		0		0		0		0		0		0		0		0		0		0		0		0		0		0		0		0		0		0		0		0		0		0		0		0		0		0		0		0		0		0		0		0		0		0		0		0		0		0		0		0		0
GENERIC					255	0	255		0		0		0		0		0		0		0		0		0		0		0		0		0		0		0		0		0		0		0		0		0		0		0		0		0		0		0		0		0		0		0		0		0		0		0		0		0		0		0		0		0		0		0		0		0		0		0		0		0		0		0		0		0		4035	4035	4035	0		0		0		0		0		0		0		0		0		0		0		0		0	
																																																																																																																																																		
CONCRETE				145	145	145		0		0		0		0		0		0		0		0		0		0		0		0		0		0		0		0		0		0		0		0		0		0		0		0		0		0		0		0		0		0		0		0		0		0		0201	2501	2501	2501	0301	0		0301	2901	2901	3101	2901	0		0		0		0		0		0		0		0		0201	0201	0201	0		0		0		0		0		0		0201	0201	4402	4402	4402	4402	4402
CONCRETE_DUSTY			145	140	130		0		0		0		0		0		0		0		0		0		0		0		0		0		0		0		0		0		0		0		0		0		0		0		0		0		0		0		0		0		0		0		0		0		0		0201	2501	2501	2501	0301	0		0301	2901	2901	3101	2901	0		0		0		0		0		0		0		0		0201	0201	0201	0		0		0		0		0		0		0201	0201	4402	4402	4402	4402	4402
TARMAC					90	90	90		0		0		0		0		0		0		0		0		0		0		0		0		0		0		0		0		0		0		0		0		0		0		0		0		0		0		0		0		0		0		0		0		0		0		0301	2501	0301	0301	0301	0		0301	0301	0301	3101	0301	0		0		0		0		0		0		0		0		0201	0201	0201	0		0		0		0		0		0		0301	0301	4402	4402	4402	4402	4402
TARMAC_BRITTLE			70	70	70		0		0		0		0		0		0		0		0		0		0		0		0		0		0		0		0		0		0		0		0		0		0		0		0		0		0		0		0		0		0		0		0		0		0		0301	2501	0301	0301	0301	0		0301	0301	0301	3101	0301	0		0		0		0		0		0		0		0		0201	0201	0201	0		0		0		0		0		0		0301	0301	4402	4402	4402	4402	4402
STONE					185	185	185		0		0		0		0		0		0		0		0		0		0		0		0		0		0		0		0		0		0		0		0		0		0		0		0		0		0		0		0		0		0		0		0		0		0		0701	0701	0701	0701	0701	0		0701	0701	0701	3101	0701	0		0		0		0		0		0		0		0		0751	0751	0751	0		0		0		0		0		0		0701	0701	4401	4401	4401	4401	4401
BRICK					195	95	30		0		0		0		0		0		0		0		0		0		0		0		0		0		0		0		0		0		0		0		0		0		0		0		0		0		0		0		0		0		0		0		0		0		0		0501	0501	0501	0501	0501	0		0501	0501	0501	3101	0501	0		0		0		0		0		0		0		0		0201	0201	0201	0		0		0		0		0		0		0501	0501	4402	4402	4402	4402	4402
MARBLE					195	155	145		0		0		0		0		0		0		0		0		0		0		0		0		0		0		0		0		0		0		0		0		0		0		0		0		0		0		0		0		0		0		0		0		0		0		0201	2501	2501	2501	0301	0		0301	0301	2901	3101	2901	0		0		0		0		0		0		0		0		0201	0201	0201	0		0		0		0		0		0		0201	0201	4402	4402	4402	4402	4402
PAVING					200	165	130		0		0		0		0		0		0		0		0		0		0		0		0		0		0		0		0		0		0		0		0		0		0		0		0		0		0		0		0		0		0		0		0		0		0		0201	2501	2501	2501	0301	0		0301	0301	2901	3101	2901	0		0		0		0		0		0		0		0		0201	0201	0201	0		0		0		0		0		0		0201	0201	4402	4402	4402	4402	4402
SANDSTONE				215	195	150		0		0		0		0		0		0		0		0		0		0		0		0		0		0		0		0		0		0		0		0		0		0		0		0		0		0		0		0		0		0		0		0		0		0		0801	0801	0801	0801	0801	0		0801	0801	0801	3101	0801	0		0		0		0		0		0		0		0		0201	0201	0201	0		0		0		0		0		0		0801	0801	4401	4401	44012	4401	4401
SANDSTONE_BRITTLE		205	180	120		0		0		0		0		0		0		0		0		0		0		0		0		0		0		0		0		0		0		0		0		0		0		0		0		0		0		0		0		0		0		0		0		0		0		0901	0901	0901	0901	0901	0		0901	0901	0901	3101	0901	0		0		0		0		0		0		0		0		0201	0201	0201	0		0		0		0		0		0		0901	0901	4401	4401	4401	4401	4401
																																																																																																																																																		
SAND_LOOSE				235	220	190		0		0		0		0		0		0		0		0		0		0		0		0		0		0		0		0		0		0		0		0		0		0		0		0		0		0		0		0		0		0		0		0		0		0		0		0		0		0		0		0		0		0		0		0		0		0		0		0		0		0		0		0		0		1251	1251	1251	0		0		0		0		0		0		1201	1201	4401	4401	4401	4401	4401
SAND_COMPACT			250	240	220		0		0		0		0		0		0		0		0		0		0		0		0		0		0		0		0		0		0		0		0		0		0		0		0		0		0		0		0		0		0		0		0		0		0		0		0		0		0		0		0		0		0		0		0		0		0		0		0		0		0		0		0		0		1251	1251	1251	0		0		0		0		0		0		1201	1201	4401	4401	4401	4401	4401
SAND_WET				190	185	165		0		0		0		0		0		0		0		0		0		0		0		0		0		0		0		0		0		0		0		0		0		0		0		0		0		0		0		0		0		0		0		0		0		0		0		0		0		0		0		0		0		0		0		0		0		0		0		0		0		0		0		0		0		1301	1301	1301	0		0		0		0		0		0		1301	1301	4401	4401	4401	4401	4401
SAND_UNDERWATER			135	130	120		0		0		0		0		0		0		0		0		0		0		0		0		0		0		0		0		0		0		0		0		0		0		0		0		0		0		0		0		0		0		0		0		0		0		0		0		0		0		0		0		0		0		0		0		0		0		0		0		0		0		0		0		0		1302	1302	1302	0		0		0		0		0		0		1302	1302	4405	4405	4405	4405	4405
SAND_DEEP				110	100	85		0		0		0		0		0		0		0		0		0		0		0		0		0		0		0		0		0		0		0		0		0		0		0		0		0		0		0		0		0		0		0		0		0		0		0		0		0		0		0		0		0		0		0		0		0		0		0		0		0		0		0		0		0		1301	1301	1301	0		0		0		0		0		0		1201	1201	4402	4402	4402	4402	4402
SAND_WET_DEEP			110	100	85		0		0		0		0		0		0		0		0		0		0		0		0		0		0		0		0		0		0		0		0		0		0		0		0		0		0		0		0		0		0		0		0		0		0		0		0		0		0		0		0		0		0		0		0		0		0		0		0		0		0		0		0		0		1301	1301	1301	0		0		0		0		0		0		1201	1201	4402	4402	4402	4402	4402
ICE						200	250	255		0		0		0		0		0		0		0		0		0		0		0		0		0		0		0		0		0		0		0		0		0		0		0		0		0		0		0		0		0		0		0		0		0		0		0		0		0		0		0		0		0		0		0		0		0		0		0		0		0		0		0		0		0		1401	1401	1401	0		0		0		0		0		0		1401	1401	4402	4402	4402	4402	4402
SNOW_LOOSE				255	255	255		0		0		0		0		0		0		0		0		0		0		0		0		0		0		0		0		0		0		0		0		0		0		0		0		0		0		0		0		0		0		0		0		0		0		0		0		0		0		0		0		0		0		0		0		0		0		0		0		0		0		0		0		0		1505	1505	1505	0		0		0		0		0		0		1501	1501	4402	4402	4402	4402	4402
SNOW_COMPACT			255	255	255		0		0		0		0		0		0		0		0		0		0		0		0		0		0		0		0		0		0		0		0		0		0		0		0		0		0		0		0		0		0		0		0		0		0		0		0		0		0		0		0		0		0		0		0		0		0		0		0		0		0		0		0		0		1505	1505	1505	0		0		0		0		0		0		1505	1505	4402	4402	4402	4402	4402
GRAVEL					255	255	255		0		0		0		0		0		0		0		0		0		0		0		0		0		0		0		0		0		0		0		0		0		0		0		0		0		0		0		0		0		0		0		0		0		0		0		0		0		0		0		0		0		0		0		0		0		0		0		0		0		0		0		0		0		1601	1601	1601	0		0		0		0		0		0		1601	1601	4401	4401	4401	4401	4401
GRAVEL_DEEP				255	255	255		0		0		0		0		0		0		0		0		0		0		0		0		0		0		0		0		0		0		0		0		0		0		0		0		0		0		0		0		0		0		0		0		0		0		0		0		0		0		0		0		0		0		0		0		0		0		0		0		0		0		0		0		0		1601	1601	1601	0		0		0		0		0		0		1601	1601	4401	4401	4401	4401	4401
DIRT_DRY				175	160	140		0		0		0		0		0		0		0		0		0		0		0		0		0		0		0		0		0		0		0		0		0		0		0		0		0		0		0		0		0		0		0		0		0		0		0		0		0		0		0		0		0		0		0		0		0		0		0		0		0		0		0		0		0		1750	1750	1750	0		0		0		0		0		0		1701	1701	4401	4401	4401	4401	4401
MUD_SOFT				105	95	75		0		0		0		0		0		0		0		0		0		0		0		0		0		0		0		0		0		0		0		0		0		0		0		0		0		0		0		0		0		0		0		0		0		0		0		0		0		0		0		0		0		0		0		0		0		0		0		0		0		0		0		0		0		4406	4406	4406	0		0		0		0		0		0		4406	4406	4406	4406	4406	4406	0
MUD_DEEP				105	95	75		0		0		0		0		0		0		0		0		0		0		0		0		0		0		0		0		0		0		0		0		0		0		0		0		0		0		0		0		0		0		0		0		0		0		0		0		0		0		0		0		0		0		0		0		0		0		0		0		0		0		0		0		0		4406	4406	4406	0		0		0		0		0		0		4406	4406	4406	4406	4406	4406	0
MUD_UNDERWATER			75	65	50		0		0		0		0		0		0		0		0		0		0		0		0		0		0		0		0		0		0		0		0		0		0		0		0		0		0		0		0		0		0		0		0		0		0		0		0		0		0		0		0		0		0		0		0		0		0		0		0		0		0		0		0		0		1302	1302	1302	0		0		0		0		0		0		1302	1302	4401	4401	4401	4401	4401
CLAY					160	160	160		0		0		0		0		0		0		0		0		0		0		0		0		0		0		0		0		0		0		0		0		0		0		0		0		0		0		0		0		0		0		0		0		0		0		0		0		0		0		0		0		0		0		0		0		0		0		0		0		0		0		0		0		0		1750	1750	1750	0		0		0		0		0		0		1701	1701	4401	4401	4401	4401	4401
																																																																																																																																																		
GRASS					130	205	75		0		0		0		0		0		0		0		0		0		0		0		0		0		0		0		0		0		0		0		0		0		0		0		0		0		0		0		0		0		0		0		0		0		0		0		0		0		0		0		0		0		0		0		0		0		0		0		0		0		0		0		0		0		2001	2001	2001	0		0		0		0		0		0		2001	2001	4401	4401	4401	4401	4401
GRASS_SHORT				130	205	75		0		0		0		0		0		0		0		0		0		0		0		0		0		0		0		0		0		0		0		0		0		0		0		0		0		0		0		0		0		0		0		0		0		0		0		0		0		0		0		0		0		0		0		0		0		0		0		0		0		0		0		0		0		2001	2001	2001	0		0		0		0		0		0		2001	2001	4401	4401	4401	4401	4401
HAY						240	205	125		0		0		0		0		0		0		0		0		0		0		0		0		0		0		0		0		0		0		0		0		0		0		0		0		0		0		0		0		0		0		0		0		0		0		0		0		0		0		0		0		0		0		0		2001	0		0		0		0		0		0		0		0		0		2001	2001	2001	0		0		0		0		0		0		2001	2001	4401	4401	4401	4401	4401
BUSHES					85	160	30		0		0		0		0		0		0		0		0		0		0		0		0		0		0		0		0		0		0		0		0		0		0		0		0		0		0		0		0		0		0		0		0		0		0		0		0		0		0		0		0		0		0		0		0		0		0		0		0		0		0		0		0		0		2101	2101	2101	0		0		0		0		0		0		2101	2101	4401	4401	4401	4401	4401
TREE_BARK				115	100	70		0		0		0		0		0		0		0		0		0		0		0		0		0		0		0		0		0		0		0		0		0		0		0		0		0		0		0		0		0		0		0		0		0		0		0		0		0		0		0		0		0		0		0		0		0		0		0		0		0		0		0		0		0		2201	2201	2201	0		0		0		0		0		0		2201	2201	4402	4401	4401	4401	4401
LEAVES					70	100	50		0		0		0		0		0		0		0		0		0		0		0		0		0		0		0		0		0		0		0		0		0		0		0		0		0		0		0		0		0		0		0		0		0		0		0		0		0		0		0		0		0		0		0		0		0		0		0		0		0		0		0		0		0		2301	2301	2301	0		0		0		0		0		0		2301	2301	4401	4401	4401	4401	4401
METAL					155	180	190		0		0		4001	4001	4001	4001	4001	4001	4001	4001	4001	4001	0		0		0		0		0		0		0		0		0		4001	4001	0		0		0		0		0		0		0		0		0		0		0		0		0		0		0		0		0		0		0		0		0		0		0		0		0		0		0		0		0		0		4001	4001	4001	0		0		0		0		0		0		0		0		4402	4402	4402	4402	4402
WOOD					155	130	95		0		0		0		0		0		0		0		0		0		0		0		0		0		0		0		0		0		0		0		0		0		0		0		0		0		0		0		0		0		0		0		0		0		0		0		2501	2501	2501	0		0		0		0		0		0		0		0		0		0		0		0		0		0		0		2501	2501	2501	0		0		0		0		0		0		2501	2501	4402	4402	4402	4402	4402
WOOD_DUSTY				165	145	110		0		0		0		0		0		0		0		0		0		0		0		0		0		0		0		0		0		0		0		0		0		0		0		0		0		0		0		0		0		0		0		0		0		0		0		2501	2501	2501	0		0		0		0		0		0		0		0		0		0		0		0		0		0		0		2501	2501	2501	0		0		0		0		0		0		2501	2501	4402	4402	4402	4402	4402
WOOD_SPLINTER			170	150	125		0		0		0		0		0		0		0		0		0		0		0		0		0		0		0		0		0		0		0		0		0		0		0		0		0		0		0		0		0		0		0		0		0		0		0		2501	2501	2501	0		0		0		0		0		0		0		0		0		0		0		0		0		0		0		2501	2501	2501	0		0		0		0		0		0		2201	2201	4402	4402	4402	4402	0
																																																																																																																																																		
CERAMIC					220	210	195		0		0		0		0		0		0		0		0		0		0		0		0		0		0		0		0		0		0		0		0		0		0		0		0		0		0		0		0		0		0		0		0		0		0		0		0		0		0		0		0		0		0		0		0		0		0		0		0		0		0		0		0		0		2701	2701	2701	0		0		0		0		0		0		2701	2701	4402	4402	4402	4402	4402
CARPET_FABRIC			250	100	100		0		0		0		0		0		0		0		0		0		0		0		0		0		0		0		0		0		0		0		0		0		0		0		0		0		0		0		0		0		0		0		0		0		0		0		0		0		0		0		0		0		0		0		0		0		0		0		0		0		0		0		0		0		2801	2801	2801	0		0		0		0		0		0		2801	2801	0		0		0		0		0
CARPET_FABRIC_DUSTY		255	135	135		0		0		0		0		0		0		0		0		0		0		0		0		0		0		0		0		0		0		0		0		0		0		0		0		0		0		0		0		0		0		0		0		0		0		0		0		0		0		0		0		0		0		0		0		0		0		0		0		0		0		0		0		0		2801	2801	2801	0		0		0		0		0		0		2801	2801	0		0		0		0		0
PLASTIC					255	250	210		0		0		0		0		0		0		0		0		0		0		0		0		0		0		0		0		0		0		0		0		0		0		0		0		0		0		0		0		0		0		0		0		0		0		0		0		0		0		0		0		0		0		0		0		0		0		0		0		0		0		0		0		0		2901	2901	2901	0		0		0		0		0		0		2901	2901	4402	4402	4402	4402	4402
PLASTIC_HOLLOW			240	230	185		0		0		0		0		0		0		0		0		0		0		0		0		0		0		0		0		0		0		0		0		0		0		0		0		0		0		0		0		0		0		0		0		0		0		0		0		0		0		0		0		0		0		0		0		0		0		0		0		0		0		0		0		0		3001	3001	3001	0		0		0		0		0		0		3001	3001	4402	4402	4402	4402	4402
RUBBER					70	70	70		0		0		0		0		0		0		0		0		0		0		0		0		0		0		0		0		0		0		0		0		0		0		0		0		0		0		0		0		0		0		0		0		0		0		0		0		0		0		0		0		0		0		0		0		0		0		0		0		0		0		0		0		0		3101	3101	3101	0		0		0		0		0		0		3101	3101	0		0		0		0		0
LINOLEUM				205	150	80		0		0		0		0		0		0		0		0		0		0		0		0		0		0		0		0		0		0		0		0		0		0		0		0		0		0		0		0		0		0		0		0		0		0		0		0		0		0		0		0		0		0		0		0		0		0		0		0		0		0		0		0		0		2501	2501	2501	0		0		0		0		0		0		2501	2501	4404	4404	4404	4404	0
PLASTER_BRITTLE			225	225	225		0		0		0		0		0		0		0		0		0		0		0		0		0		0		0		0		0		0		0		0		0		0		0		0		0		0		0		0		0		0		0		0		0		0		0		0		0		0		0		0		0		0		0		0		0		0		0		0		0		0		0		0		0		3301	3301	3301	0		0		0		0		0		0		3301	3301	4404	4404	4404	4404	0
CARDBOARD				120	115	95		0		0		0		0		0		0		0		0		0		0		0		0		0		0		0		0		0		0		0		0		0		0		0		0		0		0		0		0		0		0		0		0		0		0		0		0		0		0		0		0		0		0		0		0		0		0		0		0		0		0		0		0		0		3401	3401	3401	0		0		0		0		0		0		3401	3401	4404	4404	4404	4404	0
PAPER					230	225	220		0		0		0		0		0		0		0		0		0		0		0		0		0		0		0		0		0		0		0		0		0		0		0		0		0		0		0		0		0		0		0		0		0		0		0		0		0		0		0		0		0		0		0		0		0		0		0		0		0		0		0		0		0		3501	3501	3501	0		0		0		0		0		0		3501	3501	0		0		0		0		0
FOAM					230	235	240		0		0		0		0		0		0		0		0		0		0		0		0		0		0		0		0		0		0		0		0		0		0		0		0		0		0		0		0		0		0		0		0		0		0		0		0		0		0		0		0		0		0		0		0		0		0		0		0		0		0		0		0		0		3601	3601	3601	0		0		0		0		0		0		3601	3601	0		0		0		0		0
FEATHERS				230	230	230		0		0		0		0		0		0		0		0		0		0		0		0		0		0		0		0		0		0		0		0		0		0		0		0		0		0		0		0		0		0		0		0		0		0		0		0		0		0		0		0		0		0		0		0		0		0		0		0		0		0		0		0		0		3701	3701	3701	0		0		0		0		0		0		3701	3701	0		0		0		0		0
																																																																																																																																																		
TVSCREEN				115	125	125		0		0		0		0		0		0		0		0		0		0		0		0		0		0		0		0		0		0		0		0		0		0		0		0		0		0		0		0		0		0		0		0		0		0		0		0		0		0		0		0		0		0		0		0		0		0		0		0		0		0		0		0		0		0		0		0		0		0		0		0		0		0		0		0		0		0		0		0		0
GLASS					205	240	255		0		0		0		0		0		0		0		0		0		0		0		0		0		0		0		0		0		0		0		0		0		0		0		0		0		0		0		0		0		0		0		0		0		0		0		0		0		0		0		0		0		0		0		0		0		0		0		0		0		0		0		0		0		3901	3901	3901	0		0		0		0		0		4406	3901	3901	4404	4404	4403	4403	0
GLASS_BULLETPROOF		115	125	125		0		0		0		0		0		0		0		0		0		0		0		0		0		0		0		0		0		0		0		0		0		0		0		0		0		0		0		0		0		0		0		0		0		0		0		0		0		0		0		0		0		0		0		0		0		0		0		0		0		0		0		0		0		3901	3901	3901	0		0		0		0		0		4406	3901	3901	4404	4404	4403	4403	0
CAR_METAL				255	255	255		0		4033	4033	4033	4033	4033	4033	4033	4033	4033	1250	1250	1250	1250	1250	1302	1250	1250	0		0		0		4033	4033	1750	4406	4406	1302	1750	1750	1750	1750	0		2502	0		4033	2502	2502	2502	4033	0		0		2901	2901	2901	4033	4033	0		0		0		0		0		0		0		4033	4033	4033	0		0		0		0		0		4406	0		0		4404	4404	4403	4403	0
CAR_PLASTIC				255	255	255		0		4033	4033	4033	4033	4033	4033	4033	4033	4033	1250	1250	1250	1250	1250	1302	1250	1250	0		0		0		4033	4033	1750	4406	4406	1302	1750	1750	1750	1750	0		2502	0		4033	2502	2502	2502	4033	0		0		2901	2901	2901	4035	4035	0		0		0		0		0		0		0		4033	4033	4033	0		0		0		0		0		0		0		0		4404	4404	4403	4403	0
CAR_GLASS				210	245	245		0		4201	4201	4201	4201	4201	0751	4201	4201	4201	1250	1250	1250	1250	1250	0		1250	1250	4201	0		0		4033	4033	4201	5018	5018	0		5006	5120	5120	5120	4201	4201	0		4201	4201	4201	4201	4201	4201	4201	4201	4201	4201	4201	4201	4201	4201	4201	0		0		0		0		4201	4201	4201	0		0		0		0		0		0		4402	4201	4404	4404	4403	4403	0

PUDDLE					55	145	230		0		0		0		0		0		0		0		0		0		0		0		0		0		0		0		0		0		0		0		0		0		0		0		0		0		0		0		0		0		0		0		0		0		0		0		0		0		0		0		0		0		0		0		0		0		0		0		0		0		0		0		0		0		0		0		0		0		0		0		0		0		0		0		0		0		0		0		0		0
																																																																																																																																																		
LIQUID_WATER			55	145	230		0		0		0		0		0		0		0		0		0		0		0		0		0		0		0		0		0		0		0		0		0		0		0		0		0		0		0		0		0		0		0		0		0		0		0		0		0		0		0		0		0		0		0		0		0		0		0		0		0		0		0		0		0		0		0		0		0		0		0		0		0		0		0		0		0		0		0		0		0
LIQUID_BLOOD			205	5	5		0		0		0		0		0		0		0		0		0		0		0		0		0		0		0		0		0		0		0		0		0		0		0		0		0		0		0		0		0		0		0		0		0		0		0		0		0		0		0		0		0		0		0		0		0		0		0		0		0		0		0		0		0		0		0		0		0		0		0		0		0		0		0		0		0		0		0		0		0
LIQUID_OIL				80	65	65		0		0		0		0		0		0		0		0		0		0		0		0		0		0		0		0		0		0		0		0		0		0		0		0		0		0		0		0		0		0		0		0		0		0		0		0		0		0		0		0		0		0		0		0		0		0		0		0		0		0		0		0		0		0		0		0		0		0		0		0		0		0		0		0		0		0		0		0		0
LIQUID_PETROL			70	100	120		0		0		0		0		0		0		0		0		0		0		0		0		0		0		0		0		0		0		0		0		0		0		0		0		0		0		0		0		0		0		0		0		0		0		0		0		0		0		0		0		0		0		0		0		0		0		0		0		0		0		0		0		0		0		0		0		0		0		0		0		0		0		0		0		0		0		0		0		0
LIQUID_MUD				115	85	30		0		0		0		0		0		0		0		0		0		0		0		0		0		0		0		0		0		0		0		0		0		0		0		0		0		0		0		0		0		0		0		0		0		0		0		0		0		0		0		0		0		0		0		0		0		0		0		0		0		0		0		0		0		0		0		0		0		0		0		0		0		0		4406	4406	4406	4406	4406	4406	0
																																																																																																																																																		
FRESH_MEAT				255	55	20		0		0		0		0		0		0		0		0		0		0		0		0		0		0		0		0		0		0		0		0		0		0		0		0		0		0		0		0		0		0		0		0		0		0		0		0		0		0		0		0		0		0		0		0		0		0		0		0		0		0		0		0		0		0		0		0		0		0		0		0		0		0		0		0		0		0		0		0		0
DRIED_MEAT				185	100	85		0		0		0		0		0		0		0		0		0		0		0		0		0		0		0		0		0		0		0		0		0		0		0		0		0		0		0		0		0		0		0		0		0		0		0		0		0		0		0		0		0		0		0		0		0		0		0		0		0		0		0		0		0		0		0		0		0		0		0		0		0		0		0		0		0		0		0		0		0
																																																																				
#############################################################################################################################################################################################################################################################################################################################################################################################################################################################################################################################################################################################################################
# 						DEBUG_COL		VOID	GENERIC	CONCRET	CONCDUS	TARMAC	TARMACB STONE	BRICK	MARBLE	PAVING	SANDST	SANDSTB	SAND_L	SAND_C	SANDWET	SANDUND	SAND_D	SAND_D	ICE		SNOW_C	SNOW_L	GRAVEL	GRAVEL	DIRTDRY	MUDSOFT	MUDSOFT	MUDUND	CLAY	GRASS	GRASS	HAY		BUSHES	TREEBAR	LEAVES	METAL	WOOD	WOODDUS WOODSPL	CERAMIC	CARPETF	CARPETD	PLASTIC	PLASTHO	RUBBER	LINO	PLASTBR	CARDBOA	PAPER	FOAM	FEATHER	TVSCREE	GLASS	GLASS	CARMETA	CARPLAS	CARGLAS	L_WATER	L_WATER	L_BLOOD	L_OIL	L_PETRL L_MUD	F_MEAT	D_MEAT	PEDHEAD	PEDTORS	PEDLIMB	PEDFOOT	PEDCAPS
																																																																																																																																																					
PED_HEAD				0	0	0		0		0		4402	4402	4402	4402	4401	4402	4402	4402	4401	4401	4401	4401	0		0		4401	4401	0		0		0		4402	4402	4401	4406	4406	0		4401	4401	4401	0		0		4402	0		4402	4402	4402	0		0		0		0		4402	4402	0		4402	0		0		0		0		0		0		4402	0		4403	4403	4403	0		0		0		0		0		4406	0		0		4402	4402	4402	4402	0
PED_TORSO				0	0	0		0		0		4402	4402	4402	4402	4401	4402	4402	4402	4401	4401	4401	4401	0		0		4401	4401	0		0		0		4402	4402	4401	4406	4406	0		4401	4401	4401	0		0		4402	0		4402	4402	4402	0		0		0		0		4402	4402	0		4402	0		0		0		0		0		0		4402	0		4403	4403	4403	0		0		0		0		0		4406	0		0		4402	4402	4402	4402	0
PED_LIMB				0	0	0		0		0		4402	4402	4402	4402	4401	4402	4402	4402	4401	4401	4401	4401	0		0		4401	4401	0		0		0		4402	4402	4401	4406	4406	0		4401	4401	4401	0		0		4402	0		4402	4402	4402	0		0		0		0		4402	4402	0		4402	0		0		0		0		0		0		4402	0		4403	4403	4403	0		0		0		0		0		4406	0		0		4402	4402	4402	4402	0
PED_FOOT				0	0	0		0		0		4402	4402	4402	4402	4401	4402	4402	4402	4401	4401	4401	4401	0		0		4401	4401	0		0		0		4402	4402	4401	4406	4406	0		4401	4401	4401	0		0		4402	0		4402	4402	4402	0		0		0		0		4402	4402	0		4402	0		0		0		0		0		0		4402	0		4403	4403	4403	0		0		0		0		0		4406	0		0		4402	4402	4402	4402	0
PED_CAPSULE				0	0	0		0		0		0		0		0		0		0		0		0		0		0		0		4401	4401	0		0		0		0		0		0		0		0		0		0		0		0		0		0		0		0		0		0		0		0		0		0		0		0		0		0		0		0		0		0		0		0		0		0		0		0		0		0		0		0		0		0		0		0		0		0		0		0		0		0		0		0		0		0		0
																																																				
MTLFX_TABLE_END																																																		


#  01 = VOID
#  02 = GENERIC
#  03 = CONCRETE
#  04 = CONCRETE_DUSTY
#  05 = TARMAC
#  06 = TARMAC_BRITTLE
#  07 = STONE
#  08 = BRICK
#  09 = MARBLE
#  10 = PAVING
#  11 = SANDSTONE
#  12 = SANDSTONE_BRITTLE
#  13 = SAND_LOOSE
#  14 = SAND_COMPACT
#  15 = SAND_WET
#  16 = ICE
#  17 = SNOW_LOOSE
#  18 = SNOW_COMPACT
#  19 = GRAVEL
#  20 = DIRT_DRY
#  21 = MUD_SOFT
#  22 = CLAY
#  23 = GRASS
#  24 = HAY
#  25 = BUSHES
#  26 = TREE_BARK
#  27 = LEAVES
#  28 = METAL
#  29 = WOOD
#  30 = WOOD_DUSTY
#  31 = WOOD_SPLINTER
#  32 = CERAMIC
#  33 = CARPET_FABRIC
#  33 = CARPET_FABRIC_DUSTY
#  34 = PLASTIC
#  35 = PLASTIC_HOLLOW
#  36 = RUBBER
#  37 = LINOLEUM
#  38 = PLASTER_BRITTLE
#  39 = CARDBOARD
#  40 = PAPER
#  41 = FOAM
#  42 = FEATHERS
#  43 = TVSCREEN
#  44 = GLASS
#  45 = CAR_METAL
#  46 = CAR_PLASTIC
#  47 = CAR_GLASS
#  48 = WATER
#  49 = PED_HEAD
#  50 = PED_TORSO
#  51 = PED_LIMB
#  52 = PED_FOOT





MTLFX_BANG_INFO_START

#####################################################################################################################################################
#		PARTICLE EFFECTS -----------------------------------------------------> DECALS----------------------------------------------------------->  # 
# ID	VEL_THRESH		IMPULSE_THRESH	SKIP									DECAL	COL_TINT    TEX_WIDTH		TEX_LEN_MULT	OVERLAY	DUPLIC	#
#		MIN		MAX		MIN		MAX		U-WATER	PARTICLE FX						ID		R   G	B   MIN		MAX		MIN		MAX		MAX RAD	REJECT	#
#####################################################################################################################################################
																															
# (01) GENERIC [FX, BUT NO DECALS]																							
0101	7.0		30.0	3000	40000	1		bang_plastic					0		255 255	255	0.0		1.0		1.0		1.0		1.2		0.0
																															
# (02,04,06) CONCRETE VS																										
0201	1.8		25.0	90		50000	1		bang_concrete					5000	255 255	255	1.0		1.3		1.0		1.0		1.6		0.0		
0201	1.8		25.0	90		50000	1		bang_concrete					5001	255 255	255	0.75	1.3		1.0		1.0		1.6		0.0		
																															
# (03) TARMAC VS																							
0301	1.8		25.0	90		50000	1		bang_concrete					5000	255 255	255	0.9		1.4		1.0		1.0		1.6		0.0	
																											
# (05) BRICK VS																								
0501	1.8		25.0	90		50000	1		bang_concrete					5000	255 255	255	0.9		1.4		1.0		1.0		1.6		0.0	

# STONE VS																										
0701	1.8		25.0	90		50000	1		bang_dirt_dry					5004	255 255	255	0.8		3.0		1.0		1.0		0.25	0.0		

# STONE VS VEHICLE																									
0751	1.8		25.0	90		50000	1		bang_dirt_dry					0		255 255	255	0.8		3.0		1.0		1.0		0.25	0.0		
																											
# (08) SANDSTONE VS																							
0801	1.8		25.0	90		50000	1		bang_concrete					5000	255 255	255	0.9		1.4		1.0		1.0		1.6		0.0	
																											
# (09) SANDSTONE_BRITTLE VS																					
0901	1.8		25.0	90		50000	1		bang_concrete					5000	255 255	255	0.9		1.4		1.0		1.0		1.6		0.0	
 

#####################################################################################################################################################
#		PARTICLE EFFECTS -----------------------------------------------------> DECALS----------------------------------------------------------->  # 
# ID	VEL_THRESH		IMPULSE_THRESH	SKIP									DECAL	COL_TINT    TEX_WIDTH		TEX_LEN_MULT	OVERLAY	DUPLIC	#
#		MIN		MAX		MIN		MAX		U-WATER	PARTICLE FX						ID		R   G	B   MIN		MAX		MIN		MAX		MAX RAD	REJECT	#
#####################################################################################################################################################
																							
# (12) SAND VS																				
1201	1.8		25.0	90		50000	1		bang_dirt_dry					5004	255 255	255	0.8		1.0		1.0		1.0		0.3		0.0		

# (12) SAND VS VEHICLES																			
1250	1.8		25.0	90		50000	1		bang_dirt_dry					0		255 255	255	0.0		1.0		1.0		1.0		0.2		0.0		

# (12) SAND VS VEHICLES																			
1251	1.8		25.0	90		50000	1		bang_dirt_dry					0		255 255	255	0.0		1.0		1.0		1.0		0.2		0.0		
																								
# (13) SAND_WET VS																			
1301	1.8		25.0	90		50000	1		bang_sand						5004	255 255	255	0.8		1.0		1.0		1.0		0.3		0.0	

# (13) SAND_UNDERWATER VS																			
1302	0.8		25.0	100		50000	0		bang_sand_underwater			5004	255 255	255	0.8		1.0		1.0		1.0		0.3		0.0	
																						
# (14) ICE VS																				
1401	1.8		25.0	90		50000	1		bang_concrete					5000	255 255	255	0.9		1.9		1.0		1.0		0.2		0.0		
																							
# (15) SNOW_LOOSE VS																		
1501	1.8		25.0	90		50000	1		bang_snow						0		255 255	255	0.0		1.0		1.0		1.0		0.2		0.0		
																							
# (15) SNOW_COMPACT VS																		
1505	1.8		25.0	90		50000	1		bang_snow						0		255 255	255	0.0		1.0		1.0		1.0		0.2		0.0		
																							
# (16) GRAVEL VS																			
1601	1.8		10.0	90		30000	1		bang_concrete					0		255 255	255	0.0		1.0		1.0		1.0		0.2		0.0		
1601	1.8		10.0	90		30000	1		bang_concrete					0		255 255	255	0.0		1.0		1.0		1.0		0.2		0.0		
																							
# (17,19) DIRT_DRY VS																		
1701	1.8		25.0	90		50000	1		bang_dirt_dry					5004	255 255	255	0.8		3.0		1.0		1.0		0.25	0.0		

# (17,19) DIRT_DRY VS VEHICLE																		
1750	1.8		25.0	90		50000	1		bang_dirt_dry					0		255 255	255	0.8		3.0		1.0		1.0		0.25	0.0		
																							
# (18) MUD_SOFT VS																			
1801	1.8		25.0	90		50000	1		bang_dirt_dry					5002	255 255	255	0.5		2.6		1.0		1.0		0.25	0.0	


#####################################################################################################################################################
#		PARTICLE EFFECTS -----------------------------------------------------> DECALS----------------------------------------------------------->  # 
# ID	VEL_THRESH		IMPULSE_THRESH	SKIP									DECAL	COL_TINT    TEX_WIDTH		TEX_LEN_MULT	OVERLAY	DUPLIC	#
#		MIN		MAX		MIN		MAX		U-WATER	PARTICLE FX						ID		R   G	B   MIN		MAX		MIN		MAX		MAX RAD	REJECT	#
#####################################################################################################################################################
																						
# (20) GRASS VS																				
2001	1.8		25.0	90		1000	1		bang_dirt_dry					0	255 255	255	0.5		1.0		1.0		1.0		0.3		0.0		
																							
# (21) BUSHES VS																			
2101	1.8		25.0	600		50000	1		bang_wood						5010	255 255	255	0.1		1.0		1.0		1.0		0.3		0.0		
																							
# (22,26) TREE_BARK VS																		
2201	1.8		25.0	2000	50000	1		bang_wood						5010	255 255	255	0.1		1.0		1.0		1.0		0.3		0.0		
2201	1.8		25.0	2000	50000	1		bang_wood						5011	255 255	255	0.1		1.0		1.0		1.0		0.3		0.0		
																							
# (23) LEAVES VS																			
2301	1.8		25.0	600		50000	1		bang_dirt_dry					0		255 255	255	0.0		1.0		1.0		1.0		0.3		0.0		

# (25,32) WOOD VS																			
2501	70.0	300.0	4000	50000	1		bang_wood						5010	255 255	255	0.4		1.1		1.0		1.0		0.35	0.0		
2501	70.0	300.0	4000	50000	1		bang_wood						5011	255 255	255	0.5		0.9		1.0		1.0		0.35	0.0		

# (25,32) CAR METAL VS	WOOD																		
2502	1.8		25.0	90		50000	1		bang_wood						5022	255 255	255	0.5		0.62	1.0		1.0		0.7		0.0		
2502	1.8		25.0	90		50000	1		bang_wood						5021	255 255	255	0.5		0.62	1.0		1.0		0.7		0.0																							
																																												

#####################################################################################################################################################
#		PARTICLE EFFECTS -----------------------------------------------------> DECALS----------------------------------------------------------->  # 
# ID	VEL_THRESH		IMPULSE_THRESH	SKIP									DECAL	COL_TINT    TEX_WIDTH		TEX_LEN_MULT	OVERLAY	DUPLIC	#
#		MIN		MAX		MIN		MAX		U-WATER	PARTICLE FX						ID		R   G	B   MIN		MAX		MIN		MAX		MAX RAD	REJECT	#
#####################################################################################################################################################
																						
# (27) CERAMIC VS																			
2701	1.8		25.0	90		50000	1		bang_concrete					5000	255 255	255	0.9		1.9		1.0		1.0		0.2		0.0		
																							
# (28) CARPET_FABRIC VS																		
2801	1.8		25.0	90		50000	1		bang_plastic					0		255 255	255	0.2		1.0		1.0		1.0		0.2		0.0		
																							
# (29) PLASTIC VS																			
2901	8.0		30.0	1000	50000	1		bang_plastic					0		255 255	255	0.2		0.35	1.0		1.0		0.2		0.0	
2901	8.0		30.0	1000	50000	1		bang_plastic					0		255 255	255	0.2		0.35	1.0		1.0		0.2		0.0	
2901	8.0		30.0	1000	50000	1		bang_plastic					0		255 255	255	0.35	0.41	1.0		1.0		0.2		0.0	
2901	8.0		30.0	1000	50000	1		bang_plastic					0		255 255	255	0.35	0.41	1.0		1.0		0.2		0.0	
																							
# (30) PLASTIC_HOLLOW VS																	
3001	8.0		30.0	1000	50000	1		bang_plastic					0		255 255	255	0.2		0.35	1.0		1.0		0.2		0.0	
3001	8.0		30.0	1000	50000	1		bang_plastic					0		255 255	255	0.2		0.35	1.0		1.0		0.2		0.0	
3001	8.0		30.0	1000	50000	1		bang_plastic					0		255 255	255	0.35	0.62	1.0		1.0		0.2		0.0	
3001	8.0		30.0	1000	50000	1		bang_plastic					0		255 255	255	0.35	0.62	1.0		1.0		0.2		0.0	
																							
# (31) RUBBER VS																			
3101	22.0	90.0	5000	50000	1		bang_plastic					0		255 255	255	0.0		1.0		1.0		1.0		0.2		0.0		
																							
# (33) PLASTER_BRITTLE VS																	
3301	4.0		30.0	1800	50000	1		bang_plastic					5000	255 255	255	0.9		1.9		1.0		1.0		0.2		0.0		
3301	4.0		30.0	1800	50000	1		bang_plastic					5001	255 255	255	0.65	1.7		1.0		1.0		0.2		0.0		
																							
# (34) CARDBOARD VS																			
3401	5.0		30.0	1000	50000	1		bang_plastic					5023	255 255	255	0.2		0.8		1.0		1.0		0.3		0.0		
																							
# (35) PAPER VS																				
3501	5.0		30.0	1000	50000	1		bang_plastic					5023	255 255	255	0.2		0.8		1.0		1.0		0.3		0.0		
																							
# (36) FOAM VS																				
3601	5.0		30.0	1000	50000	1		bang_plastic					5030	255 255	255	0.1		0.5		1.0		1.0		0.1		0.0		
																							
# (37) FEATHERS VS																			
3701	5.0		30.0	1000	50000	1		bang_plastic					0		255 255	255	0.0		1.0		1.0		1.0		0.1		0.0		


#####################################################################################################################################################
#		PARTICLE EFFECTS -----------------------------------------------------> DECALS----------------------------------------------------------->  # 
# ID	VEL_THRESH		IMPULSE_THRESH	SKIP									DECAL	COL_TINT    TEX_WIDTH		TEX_LEN_MULT	OVERLAY	DUPLIC	#
#		MIN		MAX		MIN		MAX		U-WATER	PARTICLE FX						ID		R   G	B   MIN		MAX		MIN		MAX		MAX RAD	REJECT	#
#####################################################################################################################################################
																						
# (39) GLASS VS																				
3901	3.0		22.0	800		22000	1		bang_plastic					5031	255 255	255	0.6		2.4		1.0		1.0		0.3		0.0		
3901	3.0		22.0	800		22000	1		bang_plastic					5032	255 255	255	0.6		2.4		1.0		1.0		0.3		0.0		

# VS METAL NOT VEHICLE METALS	
4001	3.0		25.0	800		50000	1		bang_metal						5020	255 255	255	0.3		0.38	1.0		1.0		0.46	0.0																	
4001	3.0		25.0	800		50000	1		bang_metal						5021	255 255	255	0.3		0.41	1.0		1.0		0.46	0.0	
4001	3.0		25.0	800		50000	1		bang_metal						5022	255 255	255	0.3		0.45	1.0		1.0		0.46	0.0	
																				
# VS CARMETAL & CAR_PLASTIC	
4033	1.8		30.0	90		50000	1		bang_carmetal					5022	255 255	255	0.8		0.8		1.0		1.0		0.0		0.25																	
4033	1.8		30.0	90		50000	1		bang_carmetal					5021	255 255	255	0.8		0.8		1.0		1.0		0.0		0.25
4033	1.8		30.0	90		50000	1		bang_carmetal					5022	255 255	255	0.8		0.8		1.0		1.0		0.0		0.25
4033	1.8		30.0	90		50000	1		bang_carmetal					5021	255 255	255	0.8		0.8		1.0		1.0		0.0		0.25
4033	1.8		30.0	90		50000	1		bang_carmetal					5022	255 255	255	0.8		0.8		1.0		1.0		0.0		0.25	

# VS CARMETAL VS HARD CONCRETE/ROCK	
4035	1.8		25.0	90		50000	1		bang_concrete					5022	255 255	255	0.3		0.38	1.0		1.0		0.0		0.25																
4035	1.8		25.0	90		50000	1		bang_concrete					5021	255 255	255	0.3		0.41	1.0		1.0		0.0		0.25
4035	1.8		25.0	90		50000	1		bang_concrete					5022	255 255	255	0.3		0.45	1.0		1.0		0.0		0.25
																		
# VS SOFT STUFF (BANG FX + DECALS - NO SCRAPE SPARKS FX!)									
4099	4.5		35.0	1800	35000	1		bang_concrete					5020	255 255	255	0.2		0.4		1.0		1.0		0.2		0.0		
4099	4.5		35.0	1800	35000	1		bang_concrete					5021	255 255	255	0.3		0.5		1.0		1.0		0.2		0.0		
4099	4.5		35.0	1800	35000	1		bang_concrete					5022	255 255	255	0.3		0.55	1.0		1.0		0.2		0.0	
4099	4.5		35.0	1800	35000	1		bang_concrete					5020	255 255	255	0.2		0.4		1.0		1.0		0.2		0.0		
																							
# (42) CAR_GLASS VS																			
4201	3.0		22.0	800		22000	1		bang_plastic					5031	255 255	255	0.6		2.4		1.0		1.0		0.3		0.0		
4201	3.0		22.0	800		22000	1		bang_plastic					5032	255 255	255	0.6		2.4		1.0		1.0		0.3		0.0		
			
# (44) PED/BLOOD VS																			
# VS dirt																				
4401	2.0		20.0	200		15000	1		bang_dirt_dry					5040	50 	0	0	0.5		0.6		1.0		1.0		0.0		0.0		
			
# (44) PED/BLOOD VS																			
# VS CONCRETE																				
4402	6.0		25.0	200		15000	1		bang_blood						5040	50 	0	0	0.5		0.6		1.0		1.0		0.0		0.0		
4402	6.0		25.0 	200		15000	1		bang_blood						5041	50 	0	0	0.5		0.6		1.0		1.0		0.0		0.0		
4402	6.0		25.0	200		15000	1		bang_blood						5042	50 	0	0	0.5		0.6		1.0		1.0		0.0		0.0		
																							
# (44) PED/BLOOD VS CARS ONLY																
4403	6.0		25.0	200		15000	1		bang_blood_car					5040	50 	0	0	0.3		0.45	1.0		1.0		0.4		0.0		
4403	6.0		25.0	200		15000	1		bang_blood_car					5041	50 	0	0	0.3		0.45	1.0		1.0		0.4		0.0		
4403	6.0		25.0	200		15000	1		bang_blood_car					5042	50 	0	0	0.3		0.45	1.0		1.0		0.4		0.0		

# (44) HEAD/BLOOD VS CARS ONLY																
4404	6.0		25.0	250		15000	1		bang_blood_car					5040	50 	0	0	0.3		0.45	1.0		1.0		0.4		0.0		
4404	6.0		25.0	250		15000	1		bang_blood_car					5041	50 	0	0	0.3		0.45	1.0		1.0		0.4		0.0		
4404	6.0		25.0	250		15000	1		bang_blood_car					5042	50 	0	0	0.3		0.45	1.0		1.0		0.4		0.0		
																							
#  PED_CAPSULE VS UNDERWATER COLLISION																		
4405	0.5		3.0		0.5		1.0		0		ped_bang_sand_underwater		0		255 255	255	0.8		1.0		1.0		1.0		0.3		0.0												

# PED VS MUD
4406	2.0		20.0	200		15000	1		bang_mud						0		255	255	255	0.5		0.6		1.0		1.0		0.0		0.0		
										
# VS CARS																					
4440	2.0		15.0	250		19000	1		bang_concrete					5041	255 255	255	1.0		3.2		1.0		1.0		4.2		0.0		
4440	2.0		15.0	250		19000	1		bang_concrete					5040	255 255	255	1.0		3.2		1.0		1.0		4.2		0.0		
																							
# VS HARD SURFACES (DUST ONLY)																
4499	2.0		15.0	250		19000	1		-								5040	255 255	255	0.8		2.5		1.0		1.0		3.2		0.0		

#####################################################################################################################################################
#		PARTICLE EFFECTS -----------------------------------------------------> DECALS----------------------------------------------------------->  # 
# ID	VEL_THRESH		IMPULSE_THRESH	SKIP									DECAL	COL_TINT    TEX_WIDTH		TEX_LEN_MULT	OVERLAY	DUPLIC	#
#		MIN		MAX		MIN		MAX		U-WATER	PARTICLE FX						ID		R   G	B   MIN		MAX		MIN		MAX		MAX RAD	REJECT	#
#####################################################################################################################################################
																						
# (50) MUD TRANSFERRED ONTO																	
5018	5.0		35.0	300	32000	1		-									5073	57 	36	24	0.3		0.5		1.0		1.0		1.2		0.0		
																							
# (51) GRASS TRANSFERRED ONTO																
5120	5.0		35.0	300	32000	1		-									5073	57 	36	24	0.3		0.5		1.0		1.0		1.2		0.0		


MTLFX_BANG_INFO_END






MTLFX_SCRAPE_INFO_START

# MATERIAL ENTRIES BELOW: 70

#####################################################################################################################################################
#		PARTICLE EFFECTS -----------------------------------------------------> DECALS----------------------------------------------------------->  # 
# ID	VEL_THRESH		IMPULSE_THRESH	SKIP									DECAL	COL_TINT    TEX_WIDTH		TEX_LEN_MULT	OVERLAY	DUPLIC	#
#		MIN		MAX		MIN		MAX		U-WATER	PARTICLE FX						ID		R   G	B   MIN		MAX		MIN		MAX		MAX RAD	REJECT	#
#####################################################################################################################################################
																						
# (01) GENERIC (FX, BUT NO DECALS)															
0101	3.0		30.0	100		700		1		scrape_concrete					0		255 255	255	0.0		0.0		1.0		1.0		0.0		0.0	
																							
# (02,04,06,07) CONCRETE VS																	
0201	1.5		15.0	10.0	100		1		scrape_metal					0		255 255	255	0.0		0.0		1.0		1.0		0.0		0.0	
#0201	3.0		15.0	1.8		300		1		scrape_concrete					9999	255 255	255	0.1		0.2		10.0	10.0	0.0		0.5
																					
# (03) TARMAC VS																			
0301	3.0		15.0	1.8		300		1		scrape_concrete					0		255 255	255	0.0		0.0		1.0		1.0		0.0		0.0	
																							
# (05) BRICK VS																				
0501	4.0		15.0	1.8		300		1		scrape_concrete					0		255 255	255	0.0		0.0		1.0		1.0		0.0		0.0	

# (17,19) STONE VS																		
0701	2.5		15.0	1.8		300		1		scrape_dirt_dry					0		255 255	255	0.0		0.0		1.0		1.0		0.0		0.0	

# (17,19) STONE VS VEHICLE																		
0751	2.97	15.0	1.8		300	 	1		scrape_dirt_dry					5071	255 255	255	0.08	0.17	3.0		8.0		0.0		0.5		
																							
# (08) SANDSTONE VS																			
0801	3.0		15.0	1.8		300		1		scrape_concrete					0		255 255	255	0.0		0.0		1.0		1.0		0.0		0.0		
																							
# (09) SANDSTONE_BRITTLE VS																	
0901	3.0		15.0	1.8		300		1		scrape_concrete					0		255 255	255	0.0		0.0		1.0		1.0		0.0		0.0	



#####################################################################################################################################################
#		PARTICLE EFFECTS -----------------------------------------------------> DECALS----------------------------------------------------------->  # 
# ID	VEL_THRESH		IMPULSE_THRESH	SKIP									DECAL	COL_TINT    TEX_WIDTH		TEX_LEN_MULT	OVERLAY	DUPLIC	#
#		MIN		MAX		MIN		MAX		U-WATER	PARTICLE FX						ID		R   G	B   MIN		MAX		MIN		MAX		MAX RAD	REJECT	#
#####################################################################################################################################################
																						
# (12) SAND VS																				
1201	2.5		15.0	1.8		300		1		scrape_sand						3053	175 175	175	0.38	0.87	2.0		4.0		0.0		0.3		

# (12) SAND VS	VEHICLE																			
1250	.97		15.0	1.8		300		1		scrape_sand						5071	255 255	255	0.08	0.17	3.0		8.0		0.0		0.5	

# (12) VEHICLE VS SAND																		
1251	.97		5.0 	1.8		300		1		scrape_sand						0		175 175	175	0.38	0.87	1.0		1.0		0.0		0.0	
																						
# (13) SAND_WET VS																			
1301	0.02	20.0	1.0		200		1		scrape_sand						3053	175 175	175	0.48	0.97	2.0		5.0		0.0		0.3	
		
# (13) SAND_UNDERWATER VS																			
1302	0.02	20.0	1.0		200		0		scrape_sand_underwater			0		255 255	255	0.38	0.77	2.0		2.0		0.0		0.3	
		
# (14) ICE VS																				
1401	3.0		15.0	1.8		300		1		scrape_concrete					0		255 255	255	0.0		0.0		1.0		1.0		0.0		0.0			
																							
# (15) SNOW_LOOSE VS																		
1501	0.01	15.0	1.8		300		1		scrape_snow						0		255 255	255	0.0		0.0		1.0		1.0		0.0		0.0			
																							
# (15) SNOW_COMPACT VS																		
1505	0.5		15.0	1.8		300		1		scrape_snow						0		255 255	255	0.0		0.0		1.0		1.0		0.0		0.0			
																							
# (16) GRAVEL VS																			
1601	1.0		5.0		1.8		200	    1		scrape_dirt_dry					0		255 255	255	0.0		0.0		1.0		1.0		0.0		0.0			
																							
# (17,19) DIRT_DRY VS																		
1701	2.5		15.0	1.8		300		1		scrape_dirt_dry					0		255 255	255	0.0		0.0		1.0		1.0		0.0		0.0	

# (17,19) DIRT_DRY VS VEHICLE																		
1750	0.45	5.0 	1.8		300		1		scrape_dirt_dry					5071	255 255	255	0.08	0.17	3.0		8.0		0.0		0.5	
																							
# (18) MUD_SOFT VS																			
1801	3.0		15.0	1.8		300		1		scrape_concrete					0		255 255	255	0.0		0.0		1.0		1.0		0.0		0.0	


#####################################################################################################################################################
#		PARTICLE EFFECTS -----------------------------------------------------> DECALS----------------------------------------------------------->  # 
# ID	VEL_THRESH		IMPULSE_THRESH	SKIP									DECAL	COL_TINT    TEX_WIDTH		TEX_LEN_MULT	OVERLAY	DUPLIC	#
#		MIN		MAX		MIN		MAX		U-WATER	PARTICLE FX						ID		R   G	B   MIN		MAX		MIN		MAX		MAX RAD	REJECT	#
#####################################################################################################################################################
																					
# (20) GRASS VS																				
2001	.97		15.0	1.8		300		1		scrape_veg					0		255 255	255	0.0		0.0		1.0		1.0		0.0		0.0		
																							
# (21) BUSHES VS																			
2101	.97		15.0	1.8		300		1		scrape_veg			 		0		255 255	255	0.0		0.0		1.0		1.0		0.0		0.0		
																							
# (22,26) TREE_BARK VS																		
2201	.97		15.0	1.8		300		1		scrape_veg					0		255 255	255	0.0		0.0		1.0		1.0		0.0		0.0	
																							
# (23) LEAVES VS																			
2301	.97		15.0	1.8		300		1		scrape_veg					0		255 255	255	0.0		0.0		1.0		1.0		0.0		0.0			
																							
																							
# (25,32) WOOD VS																			
2501	.97		15.0	1.8		300		1		scrape_concrete					0		255 255	255	0.0		0.0		1.0		1.0		0.0		0.0	


#####################################################################################################################################################
#		PARTICLE EFFECTS -----------------------------------------------------> DECALS----------------------------------------------------------->  # 
# ID	VEL_THRESH		IMPULSE_THRESH	SKIP									DECAL	COL_TINT    TEX_WIDTH		TEX_LEN_MULT	OVERLAY	DUPLIC	#
#		MIN		MAX		MIN		MAX		U-WATER	PARTICLE FX						ID		R   G	B   MIN		MAX		MIN		MAX		MAX RAD	REJECT	#
#####################################################################################################################################################
																					
# (27) CERAMIC VS																			
2701	.97		15.0	1.8		300		1		scrape_concrete					0		255 255	255	0.0		0.0		1.0		1.0		0.0		0.0			
																							
# (28) CARPET_FABRIC VS																		
2801	.97		15.0	1.8		300		1		scrape_concrete					0		255 255	255	0.0		0.0		1.0		1.0		0.0		0.0		
																							
# (29) PLASTIC VS																			
2901	.97		15.0	1.8		300		1		scrape_plastic					0		255 255	255	0.0		0.0		1.0		1.0		0.0		0.0			
																							
# (30) PLASTIC_HOLLOW VS																	
3001	.97		15.0	1.8		300		1		scrape_plastic					0		255 255	255	0.0		0.0		1.0		1.0		0.0		0.0			
																							
# (31) RUBBER VS																			
3101	0.5		15.0	10		5000	1		scrape_concrete					0		255 255	255	0.0		0.0		1.0		1.0		0.0		0.0			
																							
# (33) PLASTER_BRITTLE VS																	
3301	.97		15.0	1.8		300		1		scrape_concrete					0		255 255	255	0.0		0.0		1.0		1.0		0.0		0.0		
																							
# (34) CARDBOARD VS																			
3401	4.0		25.0	20.0	600		1		scrape_concrete					0		255 255	255	0.0		0.0		1.0		1.0		0.0		0.0			
																							
# (35) PAPER VS																				
3501	3.0		30.0	100		700		1		scrape_concrete					0		255 255	255	0.0		0.0		1.0		1.0		0.0		0.0			
																							
# (36) FOAM VS																				
3601	4.0		25.0	20.0	600		1		scrape_concrete					0		255 255	255	0.0		0.0		1.0		1.0		0.0		0.0			
																							
# (37) FEATHERS VS																			
3701	3.0		30.0	100		700		1		scrape_concrete					0		255 255	255	0.0		0.0		1.0		1.0		0.0		0.0		

# (39) GLASS VS																				
3901	3.0		30.0	100		700		1		-								0		255 255	255	0.0		0.0		1.0		1.0		0.0		0.0			


#####################################################################################################################################################
#		PARTICLE EFFECTS -----------------------------------------------------> DECALS----------------------------------------------------------->  # 
# ID	VEL_THRESH		IMPULSE_THRESH	SKIP									DECAL	COL_TINT    TEX_WIDTH		TEX_LEN_MULT	OVERLAY	DUPLIC	#
#		MIN		MAX		MIN		MAX		U-WATER	PARTICLE FX						ID		R   G	B   MIN		MAX		MIN		MAX		MAX RAD	REJECT	#
#####################################################################################################################################################																				

# (24,40) METAL	VS																			
4001	5.00	15.0	50.0	100		1		scrape_metal					0		255 255	255	0.0		0.0		1.0		1.0		0.0		0.0	
																							
# VS CARMETAL & CAR_PLASTIC																	
4033	0.97	15.0	1.8		100		1		scrape_metal					5070	255 255	255	0.2		0.37	2.0		4.0		0.0		0.25	
4033	0.97	15.0	1.8		100		1		scrape_metal					5071	255 255	255	0.2		0.37	2.0		4.5		0.0		0.25
4033	0.97	15.0	1.8		100		1		scrape_metal					5072	255 255	255	0.2		0.3		2.0		4.0		0.0		0.25
4033	0.97	15.0	1.8		100		1		scrape_metal					5073	255 255	255	0.2		0.3		2.0		4.5		0.0		0.25


# VS CARMETAL VS CONCRETE																
4035	0.97	15.0	1.8		100		1		scrape_metal					5070	255 255	255	0.08	0.17	1.0		3.0		0.0		0.25	
4035	0.97	15.0	1.8		100		1		scrape_metal					5071	255 255	255	0.08	0.17	2.0		4.0		0.0		0.25	
4035	0.97	15.0	1.8		100		1		scrape_metal					5072	255 255	255	0.08	0.17	2.0		4.0		0.0		0.25	
4035	0.97	15.0	1.8		100		1		scrape_metal					5073	255 255	255	0.08	0.17	2.0		4.0		0.0		0.25	


# VS SOFT STUFF (BANG FX + DECALS - NO SCRAPE SPARKS FX!)									
4099	1.5		25.0	50		1000	1		-								0		255 255	255	0.0		0.0		1.0		1.0		0.0		0.0		
																							
# (42) CAR_GLASS VS																			
4201	3.0		30.0	100		700		1		-								0		255 255	255	0.0		0.0		1.0		1.0		0.0		0.0			
	
# (44) PED/BLOOD VS																			
# VS dirt																				
4401	0.5		6.0		5		30		1		scrape_dirt_dry					0		255 255	255	0.0		0.0		1.0		1.0		0.0		0.0	
	
# (44) PED/BLOOD VS																			
# VS CONCRETE																				
4402	6.0		11.0	10		300		1		scrape_blood					5040	50	0	0	0.3		0.45	1.0		1.0		0.0		0.0		
4402	6.0		11.0	10		300		1		scrape_blood					5041	50	0	0	0.3		0.45	2.0		4.0		0.0		0.5
4402	6.0		11.0	10		300		1		scrape_blood					5042	50	0	0	0.3		0.45	2.0		4.0		0.0		0.5	
																							
# (44) PED/BLOOD VS CARS ONLY																
4403	6.0		30.0	300		900		1		scrape_blood					5040	50	0	0	0.3		0.45	2.0		6.0		0.0		0.5	
4403	6.0		30.0	300		900		1		scrape_blood					5041	50	0	0	0.3		0.45	2.0		6.0		0.0		0.5
4403	6.0		30.0	300		900		1		scrape_blood					5042	50	0	0	0.3		0.45	2.0		6.0		0.0		0.5	

# (44) HEAD/BLOOD VS CARS ONLY																
4404	6.0		30.0	300		900		1		scrape_blood					5040	50	0	0	0.25	0.31	2.0		6.0		0.0		0.5	
4404	6.0		30.0	300		900		1		scrape_blood					5041	50	0	0	0.25	0.31	2.0		6.0		0.0		0.5
4404	6.0		30.0	300		900		1		scrape_blood					5042	50	0	0	0.25	0.31	2.0		6.0		0.0		0.5	

#  PED_CAPSULE VS UNDERWATER COLLISION																			
4405	0.1		3.0		0.05	1.0		0		ped_scrape_sand_underwater		0		255 255	255	0.38	0.77	2.0		2.0		0.0		0.3	

# PED VS MUD
4406	0.1		6.0		5		30		1		scrape_mud						0		255 255	255	0.0		0.0		1.0		1.0		0.0		0.0				
													
# VS CARS																					
4440	2.0		12.0	90		15000	1		-								0		255 255	255	0.0		0.0		1.0		1.0		0.0		0.0	
																							
# VS HARD SURFACES (DUST ONLY)																
4499	2.0		13.0	90		15000	1		scrape_concrete					0		255 255	255	0.0		0.0		1.0		1.0		0.0		0.0		


#####################################################################################################################################################
#		PARTICLE EFFECTS -----------------------------------------------------> DECALS----------------------------------------------------------->  # 
# ID	VEL_THRESH		IMPULSE_THRESH	SKIP									DECAL	COL_TINT    TEX_WIDTH		TEX_LEN_MULT	OVERLAY	DUPLIC	#
#		MIN		MAX		MIN		MAX		U-WATER	PARTICLE FX						ID		R   G	B   MIN		MAX		MIN		MAX		MAX RAD	REJECT	#
#####################################################################################################################################################
																				
# (50) MUD TRANSFERRED ONTO																	
5018	6.0		25.0	100		900		1		-								0		255 255	255	0.0		0.0		1.0		1.0		0.0		0.0	
																							
# (51) GRASS TRANSFERRED ONTO																
5120	6.0		25.0	100		900		1		-								0		255 255	255	0.0		0.0		1.0		1.0		0.0		0.0		



MTLFX_SCRAPE_INFO_END
